Starlink 31-1                                               
1 70207U 26225A   26271.55178241  .00000000  00000-0  00000-0 0  9994
2 70207  30.4992 338.8397 0005215 024.5341 179.9122 15.99899300    02

STARLINK-G15-27,2026-219A,2026-09-20T02:49:15.220042,16.05912274,.0010264,70.0064,101.1677,276.6779,97.9868,0,C,72000,0,1,.92349E-4,.67785E-3,0,0.097,SpaceX-SV

STARLINK-G15-24,2026-204A,2026-09-06T15:29:10.460026,16.05732491,.0010407,70.0073,277.8640,275.8867,98.8359,0,C,72000,0,1,.90639E-4,.65807E-3,0,0.097,SpaceX-SV

STARLINK-G15-22,2026-197A,2026-08-26T10:36:36.459965,16.05901836,.000937,70.0074,193.7377,261.9910,111.8761,0,C,72000,0,1,.22809E-2,.17302E-1,0,0.153,SpaceX-SV

STARLINK-G10-49,2026-196A,2026-08-25T10:32:04.060032,16.09536645,.0009496,53.1611,14.0256,269.7990,342.9755,0,C,72000,0,1,.20137E-4,.19177E-3,0,0.164,SpaceX-SV

STARLINK-G15-20,2026-193A,2026-08-22T08:27:24.079997,16.05752523,.0009415,70.0075,157.3458,261.2852,113.3214,0,C,72000,0,1,.97981E-4,.71137E-3,0,0.098,SpaceX-SV

STARLINK-G10-39,2026-192A,2026-08-21T16:15:52.159997,16.09461064,.0008168,53.1607,95.6255,280.9184,344.3842,0,C,72000,0,1,.18902E-4,.17879E-3,0,0.161,SpaceX-SV

STARLINK-G17-50,2026-190A,2026-08-19T05:02:36.780029,16.03811564,.0009899,97.2910,83.6891,266.7997,106.5994,0,C,72000,0,1,.14667E-4,.93173E-4,0,0.161,SpaceX-SV

STARLINK-G17-49,2026-184A,2026-08-12T05:48:23.100019,16.03823050,.0010811,97.2908,88.2370,276.2226,97.6854,0,C,72000,0,1,.39967E-5,.25435E-4,0,0.161,SpaceX-SV

STARLINK-G10-19,2026-183A,2026-08-11T16:59:54.336970,16.08750833,.0009544,53.1610,96.7006,269.9404,355.3151,0,C,72000,0,1,.10848E-4,.98129E-4,0,0.160,SpaceX-SV

STARLINK-G17-38,2026-181A,2026-08-08T17:35:41.379994,16.03713468,.001094,97.2905,261.6245,278.6279,94.9498,0,C,72000,0,1,.63593E-5,.40214E-4,0,0.161,SpaceX-SV

STARLINK-G17-53,2026-177A,2026-08-04T18:06:32.959987,16.03730920,.0010665,97.2918,265.4231,274.9723,98.5063,0,C,72000,0,1,.14652E-4,.92729E-4,0,0.161,SpaceX-SV

STARLINK-G17-52,2026-175A,2026-08-01T04:10:22.960013,16.03579476,.0011908,97.2910,52.8137,284.0965,90.0997,0,C,72000,0,1,.1915E-4,.12033E-3,0,0.160,SpaceX-SV

STARLINK-G17-51,2026-171A,2026-07-25T16:53:30.960038,16.03659104,.0010699,97.2904,237.2343,275.7219,98.1667,0,C,72000,0,1,.12129E-4,.76433E-4,0,0.162,SpaceX-SV

STARLINK-G10-45,2026-161A,2026-07-14T10:11:39.239981,16.09057371,.0007212,53.1612,326.6786,291.2925,333.8959,0,C,72000,0,1,.1875E-4,.17254E-3,0,0.162,SpaceX-SV

STARLINK-G15-14,2026-160A,2026-07-14T02:30:21.600029,16.05877687,.0010513,70.0064,29.4572,276.7593,97.1610,0,C,72000,0,1,.94749E-4,.69425E-3,0,0.096,SpaceX-SV

STARLINK-G17-48,2026-159A,2026-07-11T04:02:52.980000,16.03710611,.0010709,97.2911,30.2294,276.2486,97.6209,0,C,72000,0,1,.12409E-4,.78437E-4,0,0.161,SpaceX-SV

STARLINK-G10-42,2026-157A,2026-07-09T10:27:17.700019,16.08889955,.001129,53.1609,325.7528,263.0466,2.6606,0,C,72000,0,1,.23097E-4,.21147E-3,0,0.162,SpaceX-SV

STARLINK-G10-50,2026-154A,2026-07-05T11:51:38.620022,16.08407759,.0009715,53.1609,342.9173,270.4982,355.4325,0,C,72000,0,1,.31644E-4,.28015E-3,0,0.162,SpaceX-SV

